-0.0464691 -0.303409
-0.0773063 -0.407333
-0.110532 -0.423092
-0.143831 -0.424532
-0.181879 -0.430053
-0.211369 -0.422834
-0.226284 -0.429232
-0.246153 -0.43119
-0.266321 -0.431107
-0.273461 -0.433888
-0.283131 -0.434633
-0.284946 -0.43266
-0.295169 -0.434861
-0.313922 -0.434946
-0.322299 -0.433062
-0.346598 -0.429193
-0.362841 -0.433548
-0.371237 -0.42987
-0.377264 -0.434254
-0.375518 -0.431879
-0.384091 -0.435115
-0.390335 -0.428974
-0.383987 -0.431679
-0.393994 -0.430597
-0.392759 -0.429789
-0.392401 -0.429243
-0.385422 -0.432557
-0.385838 -0.434104
-0.376903 -0.436296
-0.371151 -0.438072
-0.37286 -0.432471
-0.377716 -0.433804
-0.378378 -0.432918
-0.380837 -0.432071
-0.387836 -0.426188
-0.382521 -0.428778
-0.384771 -0.432965
-0.389041 -0.429092
-0.394067 -0.430573
-0.395911 -0.429868
-0.386551 -0.431798
-0.396516 -0.43294
-0.388802 -0.432553
-0.39264 -0.429157
-0.38769 -0.429843
-0.393185 -0.431074
-0.383262 -0.431252
-0.387195 -0.431976
-0.378818 -0.433125
-0.379188 -0.432266
-0.383879 -0.434944
-0.389951 -0.431098
-0.387884 -0.429581
-0.394266 -0.428565
-0.402305 -0.428929
-0.401678 -0.428439
-0.396375 -0.429389
-0.395448 -0.428886
-0.400745 -0.427374
-0.393232 -0.429576
-0.395635 -0.427947
-0.393358 -0.431243
-0.39311 -0.427293
-0.383634 -0.432767
-0.383794 -0.4308
-0.382717 -0.430819
-0.384012 -0.431936
-0.382105 -0.433559
-0.380316 -0.433908
-0.374586 -0.432817
-0.377748 -0.431051
-0.383998 -0.430379
-0.390613 -0.427717
-0.392846 -0.427296
-0.396211 -0.431296
-0.396717 -0.431427
-0.395754 -0.429421
-0.391382 -0.430275
-0.396662 -0.431038
-0.398438 -0.432377
-0.394295 -0.429115
-0.393519 -0.433584
-0.3951 -0.434032
-0.389846 -0.429512
-0.388597 -0.433736
-0.385894 -0.432301
-0.380169 -0.434547
-0.379061 -0.428973
-0.376446 -0.431971
-0.386533 -0.430473
-0.393778 -0.434051
-0.377643 -0.430412
-0.38528 -0.431742
-0.39851 -0.428397
-0.395167 -0.426734
-0.392348 -0.429959
-0.398693 -0.428292
-0.401884 -0.427978
-0.400329 -0.431978
-0.401768 -0.42856
-0.394157 -0.431349
-0.392782 -0.43194
-0.392499 -0.430408
-0.383446 -0.426936
-0.389567 -0.428147
-0.382513 -0.433263
-0.372019 -0.436897
-0.377952 -0.429834
-0.385928 -0.428925
-0.381044 -0.429827
-0.383741 -0.432736
-0.387523 -0.427279
-0.392331 -0.426718
-0.400735 -0.42863
-0.395521 -0.43413
-0.384675 -0.42908
-0.38708 -0.435582
-0.385034 -0.434082
-0.390807 -0.428233
-0.391702 -0.428378
-0.389194 -0.428781
-0.39516 -0.428264
-0.389678 -0.430614
-0.392065 -0.428561
-0.385854 -0.43789
-0.380338 -0.431615
-0.375256 -0.432861
-0.38091 -0.432071
-0.38255 -0.432189
-0.381691 -0.431519
-0.380508 -0.430764
-0.384866 -0.432038
-0.392039 -0.430656
-0.394005 -0.430047
-0.389259 -0.428764
-0.390986 -0.432201
-0.392326 -0.431847
-0.387941 -0.432247
-0.384584 -0.429249
-0.380486 -0.43033
-0.378191 -0.43165
-0.377719 -0.431452
-0.383408 -0.432411
-0.369609 -0.43356
-0.374822 -0.434424
-0.376702 -0.435363
-0.376671 -0.436261
-0.38089 -0.432832
-0.377161 -0.434683
-0.379715 -0.432522
-0.387075 -0.431654
-0.384651 -0.427191
-0.378184 -0.43014
-0.380334 -0.432513
-0.376915 -0.432505
-0.380152 -0.433698
-0.381115 -0.432613
-0.382627 -0.434837
-0.39095 -0.429616
-0.395006 -0.42759
-0.397907 -0.430942
-0.40457 -0.429016
-0.406444 -0.428803
-0.400364 -0.431006
-0.398455 -0.427697
-0.39836 -0.424945
-0.388603 -0.432829
-0.395708 -0.43233
-0.403367 -0.426961
-0.415181 -0.424137
-0.412157 -0.425811
-0.414944 -0.425309
-0.416867 -0.426593
-0.41186 -0.424054
-0.409573 -0.425067
-0.411786 -0.42843
-0.410484 -0.430892
-0.396091 -0.428914
-0.388116 -0.432153
-0.37646 -0.43157
-0.382111 -0.43141
-0.372853 -0.435676
-0.374422 -0.433677
-0.365974 -0.436245
-0.361096 -0.436021
-0.361759 -0.433464
-0.362741 -0.435092
-0.367414 -0.430521
-0.376247 -0.431858
-0.379835 -0.434567
-0.394384 -0.43052
-0.402899 -0.429597
-0.4021 -0.43093
-0.411106 -0.42859
-0.410459 -0.426883
-0.403799 -0.432551
-0.408162 -0.426579
-0.402086 -0.430663
-0.401025 -0.432779
-0.40267 -0.4317
-0.403452 -0.434976
-0.394079 -0.430574
-0.383611 -0.437
-0.380439 -0.429576
-0.374098 -0.438168
-0.370441 -0.43597
-0.374121 -0.434599
-0.38259 -0.4337
-0.388333 -0.432432
-0.386867 -0.431579
-0.389337 -0.432847
-0.399183 -0.428499
-0.406073 -0.428929
-0.415286 -0.431133
-0.413082 -0.431244
-0.403325 -0.431459
-0.403785 -0.428745
-0.399747 -0.435989
-0.395105 -0.43602
-0.389482 -0.430273
-0.40203 -0.419463
-0.396306 -0.408022
-0.404288 -0.394131
-0.412408 -0.379026
-0.434216 -0.364123
-0.43203 -0.376837
-0.418919 -0.389787
-0.412702 -0.406492
-0.391978 -0.431871
-0.386426 -0.457273
-0.387859 -0.475969
-0.377463 -0.482621
-0.386653 -0.483599
-0.397688 -0.477183
-0.404633 -0.471503
-0.414634 -0.473784
-0.405675 -0.469529
-0.409404 -0.471318
-0.414623 -0.478592
-0.4241 -0.484157
-0.411679 -0.49557
-0.398108 -0.513328
-0.368709 -0.52537
-0.356669 -0.539543
-0.354839 -0.536083
-0.358289 -0.512825
-0.360448 -0.498534
-0.384955 -0.495033
-0.403344 -0.484679
-0.45259 -0.472509
-0.462611 -0.468686
-0.469124 -0.453063
-0.470109 -0.451276
-0.456592 -0.450515
-0.444584 -0.450334
-0.438675 -0.449854
-0.440053 -0.454058
-0.448917 -0.45431
-0.440772 -0.452743
-0.433181 -0.453608
-0.433539 -0.453551
-0.416464 -0.45138
-0.432525 -0.451942
-0.436143 -0.45608
-0.437138 -0.455994
-0.44234 -0.453997
-0.436714 -0.454846
-0.443929 -0.452431
-0.439909 -0.454062
-0.443589 -0.451298
-0.444996 -0.454851
-0.451178 -0.455261
-0.454342 -0.452445
-0.456161 -0.453222
-0.463125 -0.453833
-0.455418 -0.456853
-0.466853 -0.454014
-0.455906 -0.453396
-0.450411 -0.452717
-0.461023 -0.448586
-0.466851 -0.450404
-0.464095 -0.453703
-0.46307 -0.452174
-0.46589 -0.45311
-0.46791 -0.45124
-0.459031 -0.454843
-0.451943 -0.45422
-0.448714 -0.452064
-0.439224 -0.453854
-0.439102 -0.454636
-0.440975 -0.454438
-0.4551 -0.451488
-0.455176 -0.454552
-0.451458 -0.455317
-0.43792 -0.454348
-0.438244 -0.453619
-0.442604 -0.456893
-0.439855 -0.451931
-0.44099 -0.452115
-0.444725 -0.454605
-0.43915 -0.45539
-0.452452 -0.452109
-0.456527 -0.453639
-0.461126 -0.454805
-0.456018 -0.45664
-0.456776 -0.456887
-0.45923 -0.452755
-0.453946 -0.455964
-0.448814 -0.454775
-0.433502 -0.456225
-0.442563 -0.453093
-0.436819 -0.455704
-0.436818 -0.457496
-0.435438 -0.451055
-0.431492 -0.454666
-0.435949 -0.452368
-0.430554 -0.456678
-0.431373 -0.453469
-0.438103 -0.453412
-0.441909 -0.451889
-0.441773 -0.453254
-0.440593 -0.454167
-0.438327 -0.450558
-0.441682 -0.453576
-0.431088 -0.450586
-0.42978 -0.449754
-0.434437 -0.449713
-0.43989 -0.453257
-0.437049 -0.456871
-0.440319 -0.458977
-0.445278 -0.45942
-0.438018 -0.455183
-0.446641 -0.455253
-0.448903 -0.454278
-0.448907 -0.455078
-0.46191 -0.454511
-0.462208 -0.453292
-0.457415 -0.451688
-0.45175 -0.454463
-0.451954 -0.452415
-0.449348 -0.453693
-0.452367 -0.452635
-0.455065 -0.451622
-0.453536 -0.453675
-0.447579 -0.454504
-0.444385 -0.453864
-0.445392 -0.453523
-0.442867 -0.452182
-0.445763 -0.454773
-0.436655 -0.454685
-0.430075 -0.456213
-0.429663 -0.457537
-0.434585 -0.454412
-0.425387 -0.454483
-0.428951 -0.451859
-0.429875 -0.454954
-0.433863 -0.454535
-0.429124 -0.452603
-0.428025 -0.452751
-0.436813 -0.453183
-0.442361 -0.454983
-0.436914 -0.457285
-0.44405 -0.454483
-0.448985 -0.452723
-0.446294 -0.452422
-0.443998 -0.452329
-0.444642 -0.455798
-0.447489 -0.455348
-0.445189 -0.457254
-0.449556 -0.454124
-0.450894 -0.45327
-0.453085 -0.454905
-0.450799 -0.455704
-0.444021 -0.455746
-0.444581 -0.453632
-0.445005 -0.453234
-0.441447 -0.453012
-0.438116 -0.453311
-0.425264 -0.451923
-0.430395 -0.454041
-0.433845 -0.45425
-0.433912 -0.454831
-0.425136 -0.454763
-0.430682 -0.452292
-0.431846 -0.455211
-0.424761 -0.45709
-0.426707 -0.45281
-0.424742 -0.456226
-0.432718 -0.456186
-0.424081 -0.455112
-0.435434 -0.451364
-0.443107 -0.450953
-0.43752 -0.450766
-0.447267 -0.450786
-0.438517 -0.454979
-0.444633 -0.453463
-0.447013 -0.45233
-0.441673 -0.453959
-0.441171 -0.453834
-0.434061 -0.454173
-0.433727 -0.453716
-0.43945 -0.454215
